Row 1
Row 2
Row 3
  Slot 1
    0
    0 0
    0 0
    0 0
    0 0
  Slot 2
    0
    0 0
    0 0
    0 0
    0 0
  Slot 3
    0
    0 0
    0 0
    0 0
    0 0
  Slot 4
    0
    0 0
    0 0
    0 0
    0 0
  Slot 5
    0
    0 0
    0 0
    0 0
    0 0
  Slot 6
    0.028
    76 241
    127 216
    185 264
    116 266
  Slot 7
    0.039
    178 232
    210 220
    267 255
    218 257
  Slot 8
    0
    0 0
    0 0
    0 0
    0 0
  Slot 9
    0
    0 0
    0 0
    0 0
    0 0
  Slot 10
    0.056
    411 210
    432 191
    483 212
    462 220
Row 4
  Slot 1
    0.063
    70 194
    109 185
    138 193
    121 201
  Slot 2
    0
    0 0
    0 0
    0 0
    0 0
  Slot 3
    0
    0 0
    0 0
    0 0
    0 0
  Slot 4
    0.056
    253 164
    272 162
    298 176
    280 182
  Slot 5
    0.069
    310 163
    311 163
    355 176
    331 180
  Slot 6
    0
    0 0
    0 0
    0 0
    0 0
  Slot 7
    0.063
    425 155
    452 156
    435 169
    424 165
Row 5
