Row 1
  Slot 1
    0.01
    120 480
    160 490
    110 550
    60 540
  Slot 2
    0.01
    230 490
    280 500
    240 560
    180 550
  Slot 3
    0.01
    370 490
    430 500
    400 570
    330 560
  Slot 4
    0.01
    500 490
    590 495
    580 570
    480 570
  Slot 5
    0.015
    640 490
    730 490
    740 570
    640 570
  Slot 6
    0.01
    810 500
    870 495
    900 570
    830 570
  Slot 7
    0.01
    950 490
    1010 485
    1050 560
    980 570
  Slot 8
    0.01
    1080 490
    1120 480
    1180 560
    1110 560
